#JOSM PicLayer plugin calibration data
#Thu Feb 11 15:48:25 YEKT 2016
POSITION_Y=7725656.67644389
POSITION_X=6746984.005486044
M12=164.01014552929396
M11=1.5399805127988682
M10=0.0
M02=63.00367792519089
INITIAL_SCALE=164.4325099091761
M01=0.0
M00=1.5399805127988682
